1 1 9.1000 4.6000 0.0000 0.6574 -0.3926
1 2 9.0624 4.5847 -0.0072 -0.1643 -0.2337
1 3 9.0391 4.5873 -0.0060 0.7156 -0.8425
1 4 8.9586 4.5524 -0.0228 0.4498 1.5218
1 5 9.1082 4.5923 -0.0034 -0.3781 -0.7653
1 6 9.0327 4.6101 0.0049 0.0774 0.7127
1 7 9.1039 4.6141 0.0066 0.7808 -1.7889
1 8 8.9348 4.5328 -0.0322 -0.2487 1.1844
1 9 9.0517 4.5099 -0.0409 0.6022 0.3381
1 10 9.0847 4.5208 -0.0352 -0.4392 1.3775
1 11 9.2180 4.4780 -0.0524 0.4004 -0.6074
1 12 9.1575 4.4664 -0.0593 0.6318 0.5399
1 13 9.2104 4.4840 -0.0498 -0.6905 -1.7820
1 14 9.0431 4.5631 -0.0156 -0.5426 0.3570
1 15 9.0775 4.5508 -0.0210 -0.3602 -1.8574
1 16 8.8948 4.5943 -0.0018 0.5976 0.0751
1 17 8.9020 4.5969 -0.0005 -0.4366 -0.2902
1 18 8.8736 4.6046 0.0031 0.4973 -1.1098
1 19 8.7652 4.5717 -0.0125 -0.5738 -1.2669
1 20 8.6427 4.6157 0.0079 -0.6530 1.5718
1 21 8.7929 4.5533 -0.0207 0.3998 1.1942
1 22 8.9107 4.5810 -0.0071 0.6893 1.8247
1 23 9.0839 4.6580 0.0279 0.6435 0.9632
1 24 9.1749 4.6985 0.0452 0.4494 0.4453
1 25 9.2179 4.7128 0.0509 -0.0844 -0.3186
1 26 9.1860 4.7130 0.0517 -0.2301 1.2706
1 27 9.3130 4.7004 0.0430 0.5580 0.2255
1 28 9.3345 4.7089 0.0466 0.1993 -0.8810
1 29 9.2474 4.6938 0.0413 -0.4335 1.8390
1 30 9.4292 4.6505 0.0187 -0.0678 1.8413
1 31 9.6133 4.6452 0.0148 0.1851 -0.8732
1 32 9.5265 4.6338 0.0099 0.7844 1.1227
1 33 9.6307 4.6887 0.0344 -0.6602 -1.7243
1 34 9.4625 4.7485 0.0661 -0.5401 0.2702
1 35 9.4892 4.7414 0.0620 0.0772 1.9994
1 36 9.6879 4.7645 0.0668 0.2133 -1.4932
1 37 9.5409 4.7349 0.0573 -0.4006 -0.6964
1 38 9.4715 4.7479 0.0653 0.1210 1.6664
1 39 9.6366 4.7724 0.0715 -0.5460 0.2851
1 40 9.6648 4.7650 0.0671 0.6443 -0.1581
1 41 9.6501 4.7579 0.0642 0.4301 -0.6639
1 42 9.5861 4.7365 0.0561 0.2918 1.0299
1 43 9.6868 4.7615 0.0649 0.1869 -1.3748
1 44 9.5512 4.7367 0.0572 0.3171 -0.4648
1 45 9.5057 4.7249 0.0529 0.5416 -0.4979
1 46 9.4583 4.7063 0.0454 -0.0878 0.5940
1 47 9.5177 4.7055 0.0437 -0.1665 1.3057
1 48 9.6483 4.6967 0.0372 -0.0838 0.6994
1 49 9.7183 4.6954 0.0354 -0.6643 1.7212
1 50 9.8842 4.6302 0.0036 0.6622 1.5934
1 51 10.0355 4.6961 0.0329 0.6577 0.9987
1 52 10.1294 4.7394 0.0512 0.6075 -0.8138
1 53 10.0524 4.7063 0.0374 -0.4260 0.1124
1 54 10.0635 4.7038 0.0361 -0.6203 1.5062
1 55 10.2097 4.6511 0.0100 -0.3104 -1.5965
1 56 10.0512 4.6793 0.0244 0.1533 -1.1605
1 57 9.9357 4.6653 0.0190 0.4503 0.1851
1 58 9.9537 4.6707 0.0214 0.0977 -0.3235
1 59 9.9215 4.6679 0.0204 0.7170 1.9924
1 60 10.1070 4.7609 0.0601 0.1262 -1.9624
1 61 9.9124 4.7336 0.0526 -0.2548 -0.7092
1 62 9.8414 4.7412 0.0579 -0.7327 -0.7407
1 63 9.7693 4.7689 0.0730 0.3351 -1.7441
1 64 9.5996 4.7216 0.0561 -0.7498 1.0076
1 65 9.6968 4.6808 0.0351 -0.1828 -1.7565
1 66 9.5211 4.6945 0.0447 0.3814 0.1038
1 67 9.5312 4.6974 0.0459 -0.6959 -0.7615
1 68 9.4571 4.7252 0.0606 -0.2752 -0.8941
1 69 9.3676 4.7349 0.0678 -0.1044 1.1569
1 70 9.4834 4.7346 0.0641 0.1652 -0.0908
1 71 9.4744 4.7331 0.0636 -0.0570 0.9916
1 72 9.5736 4.7355 0.0619 0.0720 0.1713
1 73 9.5906 4.7374 0.0623 -0.3054 -0.4283
1 74 9.5478 4.7428 0.0661 -0.5710 -1.3243
1 75 9.4165 4.7784 0.0873 -0.4701 1.0569
1 76 9.5219 4.7566 0.0732 0.4702 -1.5490
1 77 9.3736 4.7028 0.0526 0.7592 -1.2894
1 78 9.2543 4.6396 0.0254 0.6749 1.0561
1 79 9.3537 4.6858 0.0452 0.6789 -1.4702
1 80 9.2152 4.6217 0.0174 0.4265 -0.3546
1 81 9.1806 4.6119 0.0131 -0.1979 1.5961
1 82 9.3397 4.5930 0.0037 -0.5498 0.5506
1 83 9.3931 4.5747 -0.0048 0.2315 -1.9505
1 84 9.1988 4.5482 -0.0182 -0.2495 1.0285
1 85 9.3006 4.5297 -0.0257 -0.1518 -0.0045
1 86 9.3002 4.5298 -0.0257 -0.4067 0.5391
1 87 9.3528 4.5148 -0.0320 -0.0766 0.6758
1 88 9.4201 4.5091 -0.0336 0.6558 -0.0095
1 89 9.4192 4.5088 -0.0337 0.6470 -0.4101
1 90 9.3793 4.4944 -0.0411 0.3635 1.2889
1 91 9.5074 4.5190 -0.0276 0.4954 0.2287
1 92 9.5298 4.5253 -0.0245 0.6824 -0.1866
1 93 9.5119 4.5181 -0.0280 -0.4536 1.8237
1 94 9.6883 4.4606 -0.0515 0.4512 -1.6764
1 95 9.5215 4.4248 -0.0729 0.6160 1.5909
1 96 9.6779 4.4744 -0.0456 -0.4604 0.2276
1 97 9.6999 4.4670 -0.0485 0.4997 -1.9802
1 98 9.5034 4.4192 -0.0764 -0.7417 1.4104
1 99 9.6306 4.3448 -0.1055 -0.6799 -0.0865
1 100 9.6227 4.3491 -0.1039 0.3618 1.4988
1 101 9.7731 4.3684 -0.0883 -0.5519 0.9444
1 102 9.8613 4.3283 -0.1029 -0.4891 -1.8419
1 103 9.6872 4.3990 -0.0775 -0.0831 -1.4527
1 104 9.5430 4.4179 -0.0737 0.0704 0.5782
1 105 9.6009 4.4164 -0.0725 0.4738 0.5899
1 106 9.6596 4.4294 -0.0646 0.6867 0.7293
1 107 9.7307 4.4553 -0.0506 0.6801 1.9837
1 108 9.9225 4.5300 -0.0131 -0.1552 -1.1391
1 109 9.8091 4.5426 -0.0078 0.5219 -1.1141
1 110 9.7001 4.5092 -0.0241 0.7736 -0.1199
1 111 9.6887 4.5039 -0.0267 -0.7156 1.9866
1 112 9.8732 4.4103 -0.0662 -0.4172 1.2763
1 113 9.9958 4.3685 -0.0814 -0.3928 0.5086
1 114 10.0447 4.3520 -0.0871 -0.3058 -0.3440
1 115 10.0113 4.3615 -0.0841 -0.4967 1.1776
1 116 10.1224 4.3156 -0.1006 -0.3240 -0.9964
1 117 10.0262 4.3450 -0.0912 0.6066 1.6775
1 118 10.1921 4.3935 -0.0628 -0.1933 -1.1089
1 119 10.0827 4.4138 -0.0564 -0.0586 1.2240
1 120 10.2046 4.4020 -0.0586 0.3302 0.4826
1 121 10.2528 4.4092 -0.0540 -0.5454 1.5243
2 1 6.3000 5.0600 0.0000 0.4988 -1.9020
2 2 6.1138 5.0050 -0.0268 -0.6349 0.1120
2 3 6.1244 5.0004 -0.0287 -0.4560 1.5048
2 4 6.2700 4.9529 -0.0482 0.2582 -0.7836
2 5 6.1917 4.9441 -0.0541 0.5716 -0.6241
2 6 6.1301 4.9263 -0.0641 -0.3476 -1.1018
2 7 6.0229 4.9564 -0.0531 -0.3922 1.6373
2 8 6.1813 4.9069 -0.0715 -0.5576 -0.9053
2 9 6.0957 4.9429 -0.0573 0.3531 -1.6777
2 10 5.9280 4.9172 -0.0744 0.3990 -0.9043
2 11 5.8376 4.9021 -0.0847 0.5760 0.8692
2 12 5.9237 4.9256 -0.0707 0.4575 0.3217
2 13 5.9558 4.9324 -0.0665 0.0787 -0.7778
2 14 5.8780 4.9336 -0.0684 -0.5557 -0.2180
2 15 5.8573 4.9423 -0.0650 -0.3862 -0.4918
2 16 5.8097 4.9570 -0.0596 -0.3763 -1.7463
2 17 5.6399 5.0061 -0.0407 -0.4522 1.6672
2 18 5.8006 4.9518 -0.0621 0.0328 1.7418
2 19 5.9747 4.9450 -0.0603 -0.1469 1.1585
2 20 6.0893 4.9267 -0.0655 0.4216 1.5066
2 21 6.2392 4.9572 -0.0474 -0.1613 0.9969
2 22 6.3380 4.9418 -0.0522 -0.2969 0.5336
2 23 6.3902 4.9291 -0.0568 0.3002 1.0388
2 24 6.4940 4.9432 -0.0477 -0.0251 -1.4124
2 25 6.3530 4.9522 -0.0466 0.3809 0.9425
2 26 6.4467 4.9705 -0.0363 0.0027 -0.6994
2 27 6.3768 4.9729 -0.0364 0.0854 1.3529
2 28 6.5122 4.9759 -0.0328 -0.2979 -0.0524
2 29 6.5070 4.9771 -0.0324 0.2593 -0.8286
2 30 6.4243 4.9664 -0.0387 -0.2101 -0.4334
2 31 6.3815 4.9738 -0.0360 0.3986 -1.8586
2 32 6.1967 4.9368 -0.0572 0.5569 -0.8076
2 33 6.1169 4.9148 -0.0698 0.3024 0.8471
2 34 6.2016 4.9252 -0.0623 0.1861 -0.9621
2 35 6.1053 4.9199 -0.0677 0.3891 -1.8030
2 36 5.9249 4.8906 -0.0878 -0.1962 1.7147
2 37 6.0929 4.8533 -0.0978 -0.3405 1.6926
2 38 6.2554 4.8000 -0.1145 0.5530 -1.1002
2 39 6.1450 4.7767 -0.1315 -0.5028 -1.1295
2 40 6.0400 4.8244 -0.1155 0.2215 -0.3650
2 41 6.0034 4.8235 -0.1179 0.2319 1.1470
2 42 6.1186 4.8274 -0.1100 0.4394 1.0687
2 43 6.2258 4.8451 -0.0967 0.0594 -1.0300
2 44 6.1229 4.8511 -0.0986 0.2598 0.5584
2 45 6.1789 4.8548 -0.0943 -0.2409 -1.5865
2 46 6.0241 4.8930 -0.0831 0.4862 -1.8885
2 47 5.8352 4.8551 -0.1090 0.3247 1.4051
2 48 5.9763 4.8692 -0.0958 0.2584 -1.3161
2 49 5.8442 4.8610 -0.1058 0.7666 -0.6706
2 50 5.7779 4.8376 -0.1201 -0.6151 -0.4953
2 51 5.7327 4.8612 -0.1115 -0.4995 -0.2822
2 52 5.7063 4.8727 -0.1076 0.5777 1.8427
2 53 5.8896 4.9200 -0.0778 0.6364 0.0134
2 54 5.8909 4.9204 -0.0776 -0.7093 -1.2774
2 55 5.7733 4.9824 -0.0524 -0.4529 -1.9663
2 56 5.5830 5.0443 -0.0271 -0.0188 0.2140
2 57 5.6044 5.0434 -0.0272 -0.1690 -1.4481
2 58 5.4605 5.0626 -0.0199 -0.0878 -0.8432
2 59 5.3764 5.0691 -0.0176 -0.3757 -1.2317
2 60 5.2553 5.0990 -0.0043 -0.4369 -1.3796
2 61 5.1199 5.1353 0.0128 0.0128 -1.5373
2 62 4.9662 5.1320 0.0122 0.5105 1.8985
2 63 5.1495 5.1955 0.0395 0.1797 -0.0829
2 64 5.1413 5.1942 0.0391 0.6653 0.9595
2 65 5.2311 5.2367 0.0568 0.3682 0.4135
2 66 5.2713 5.2485 0.0612 0.6561 -0.5310
2 67 5.2217 5.2248 0.0515 -0.1095 -0.3876
2 68 5.1829 5.2256 0.0528 0.3271 -1.5910
2 69 5.0272 5.1861 0.0377 0.1784 0.1057
2 70 5.0376 5.1877 0.0383 -0.6309 1.0021
2 71 5.1350 5.1527 0.0207 -0.3408 -0.8148
2 72 5.0541 5.1679 0.0287 0.7591 -0.4678
2 73 5.0105 5.1457 0.0188 -0.4539 1.1938
2 74 5.1278 5.1139 0.0035 -0.1413 -1.0773
2 75 5.0202 5.1232 0.0081 -0.2286 0.4478
2 76 5.0648 5.1170 0.0050 0.5814 0.3667
2 77 5.1001 5.1301 0.0110 0.2462 -1.9866
2 78 4.9029 5.0984 -0.0034 0.7620 1.3073
2 79 5.0255 5.1592 0.0243 -0.6828 -1.4672
2 80 4.8833 5.2137 0.0521 -0.2649 1.4868
2 81 5.0319 5.1957 0.0406 0.4359 -0.9098
2 82 4.9436 5.1684 0.0293 0.2922 -1.9336
2 83 4.7527 5.1289 0.0128 -0.2813 0.8217
2 84 4.8343 5.1151 0.0061 -0.5984 0.3900
2 85 4.8720 5.1012 -0.0005 0.1826 -0.1616
2 86 4.8559 5.0993 -0.0013 -0.1855 -1.9876
2 87 4.6578 5.1222 0.0097 -0.7139 -1.8265
2 88 4.4822 5.1953 0.0459 0.2977 -1.9008
2 89 4.2954 5.1528 0.0295 -0.1890 0.6002
2 90 4.3554 5.1472 0.0261 -0.1092 0.2057
2 91 4.3759 5.1462 0.0254 -0.5310 0.8462
2 92 4.4587 5.1206 0.0127 -0.4892 0.4680
2 93 4.5045 5.1072 0.0063 -0.3395 -0.0023
2 94 4.5043 5.1072 0.0063 -0.4305 1.6712
2 95 4.6681 5.0626 -0.0142 -0.4168 0.4039
2 96 4.7076 5.0516 -0.0190 -0.5765 -0.6897
2 97 4.6412 5.0764 -0.0078 0.0920 -1.2743
2 98 4.5138 5.0699 -0.0115 -0.5581 0.6825
2 99 4.5796 5.0458 -0.0221 -0.3653 -0.9264
2 100 4.4886 5.0683 -0.0124 0.4976 -0.6483
2 101 4.4250 5.0498 -0.0215 -0.6137 1.3618
2 102 4.5544 4.9953 -0.0448 -0.0173 1.3112
2 103 4.6853 4.9879 -0.0455 -0.3318 -0.4470
2 104 4.6416 4.9990 -0.0412 0.3927 -0.3871
2 105 4.6031 4.9913 -0.0456 -0.6338 1.8628
2 106 4.7773 4.9096 -0.0785 0.6295 0.4700
2 107 4.8237 4.9239 -0.0703 -0.6324 0.1415
2 108 4.8368 4.9176 -0.0727 0.0047 1.9766
2 109 5.0340 4.9039 -0.0725 -0.3041 1.5038
2 110 5.1802 4.8636 -0.0858 -0.0040 1.4209
2 111 5.3217 4.8510 -0.0859 0.3538 0.8513
2 112 5.4070 4.8628 -0.0773 -0.4057 0.5941
2 113 5.4640 4.8433 -0.0842 0.0197 -0.8787
2 114 5.3764 4.8496 -0.0847 0.6127 1.6130
2 115 5.5355 4.8977 -0.0571 -0.3109 1.2900
2 116 5.6614 4.8647 -0.0688 0.1368 0.8417
2 117 5.7457 4.8665 -0.0653 0.0469 1.5698
2 118 5.9026 4.8614 -0.0630 -0.1436 1.5551
2 119 6.0565 4.8366 -0.0697 -0.6866 0.4036
2 120 6.0936 4.8173 -0.0775 -0.2464 -0.0388
2 121 6.0898 4.8182 -0.0772 -0.1486 -1.8069
2 122 5.9113 4.8488 -0.0690 0.0139 -0.6912
2 123 5.8424 4.8529 -0.0693 -0.6596 -1.5441
2 124 5.6981 4.9219 -0.0410 -0.1555 0.0172
2 125 5.6998 4.9217 -0.0411 0.7522 0.1210
2 126 5.7115 4.9267 -0.0385 0.0112 -0.1475
2 127 5.6967 4.9271 -0.0386 0.1139 1.9622
2 128 5.8930 4.9349 -0.0318 -0.0373 -1.6618
2 129 5.7271 4.9442 -0.0298 -0.5090 1.9084
2 130 5.9103 4.8773 -0.0572 0.2137 -1.6884
2 131 5.7412 4.8648 -0.0679 -0.2987 -0.3262
2 132 5.7093 4.8731 -0.0651 -0.3809 -1.2596
2 133 5.5872 4.9098 -0.0513 -0.5260 -0.9306
2 134 5.4981 4.9434 -0.0375 0.4232 -1.6449
2 135 5.3347 4.9085 -0.0574 -0.1324 -1.4868
2 136 5.1873 4.9294 -0.0514 0.4352 -1.7747
2 137 5.0106 4.8931 -0.0733 -0.3353 0.0432
2 138 5.0148 4.8919 -0.0738 -0.6968 -0.7704
2 139 4.9437 4.9288 -0.0588 0.5216 -1.9409
2 140 4.7509 4.8815 -0.0873 0.2946 -1.2200
2 141 4.6285 4.8702 -0.0978 0.6330 -1.0613
2 142 4.5228 4.8411 -0.1165 -0.7230 -1.2447
2 143 4.4110 4.9068 -0.0915 -0.2665 0.7487
2 144 4.4838 4.8873 -0.0974 -0.6420 -1.7718
2 145 4.3199 4.9691 -0.0657 -0.1826 -0.6641
2 146 4.2543 4.9811 -0.0620 0.0182 -0.1844
2 147 4.2359 4.9820 -0.0621 -0.1140 1.4662
2 148 4.3813 4.9616 -0.0673 0.4954 0.2577
2 149 4.4069 4.9677 -0.0637 0.2186 1.7024
2 150 4.5773 4.9815 -0.0526 0.1360 0.7569
2 151 4.6531 4.9844 -0.0495 -0.7792 -0.6865
2 152 4.5900 5.0190 -0.0346 -0.7786 -0.4379
2 153 4.5494 5.0406 -0.0251 0.7589 -0.5975
2 154 4.4922 5.0153 -0.0377 -0.7033 0.9188
2 155 4.5778 4.9727 -0.0557 0.1843 1.7018
2 156 4.7481 4.9842 -0.0463 -0.5824 -0.2012
2 157 4.7290 4.9921 -0.0430 0.6941 -1.5185
2 158 4.5809 4.9375 -0.0723 0.4989 -1.5257
2 159 4.4289 4.9039 -0.0938 -0.7250 1.5742
2 160 4.5698 4.8197 -0.1255 0.6945 -0.2903
2 161 4.5408 4.8113 -0.1311 -0.7409 -1.9861
2 162 4.3638 4.9195 -0.0902 0.2877 0.6470
2 163 4.4287 4.9255 -0.0848 -0.3238 -0.8174
2 164 4.3495 4.9485 -0.0771 0.4184 -0.8389
2 165 4.2656 4.9338 -0.0871 0.6349 -0.6748
2 166 4.1987 4.9143 -0.0991 -0.1296 0.4531
2 167 4.2433 4.9059 -0.1009 -0.2807 0.2023
2 168 4.2629 4.9003 -0.1025 0.1678 -1.5384
2 169 4.1086 4.9000 -0.1103 0.0437 1.1618
2 170 4.2244 4.8907 -0.1087 -0.7006 0.5885
2 171 4.2773 4.8598 -0.1202 0.0447 1.0324
2 172 4.3801 4.8506 -0.1187 -0.3354 1.5023
2 173 4.5235 4.8009 -0.1333 -0.0048 1.3143
2 174 4.6537 4.7830 -0.1335 0.5377 -0.3963
2 175 4.6138 4.7755 -0.1395 -0.5927 -1.4746
2 176 4.4793 4.8456 -0.1151 -0.3998 -0.6961
2 177 4.4131 4.8702 -0.1071 -0.1558 1.4471
2 178 4.5549 4.8398 -0.1139 0.3127 1.1663
2 179 4.6721 4.8499 -0.1033 -0.7814 0.2574
2 180 4.6949 4.8354 -0.1089 -0.7819 1.3546
2 181 4.8134 4.7569 -0.1383 0.0709 -1.0295
2 182 4.7108 4.7664 -0.1406 0.2784 0.6578
2 183 4.7770 4.7688 -0.1352 -0.3315 0.8227
2 184 4.8552 4.7407 -0.1431 -0.0827 1.0560
2 185 4.9588 4.7198 -0.1458 -0.3548 -0.7028
2 186 4.8923 4.7449 -0.1386 -0.3816 0.5658
2 187 4.9456 4.7239 -0.1448 -0.3363 -1.7973
2 188 4.7748 4.7852 -0.1274 0.6319 -0.1233
2 189 4.7624 4.7821 -0.1295 0.3144 -1.3885
2 190 4.6226 4.7737 -0.1422 -0.1890 -1.8859
2 191 4.4396 4.8220 -0.1315 -0.1823 -0.4997
2 192 4.3910 4.8343 -0.1288 0.3555 0.1179
2 193 4.4029 4.8354 -0.1276 0.1847 -0.0555
2 194 4.3973 4.8354 -0.1279 -0.3345 -0.5098
2 195 4.3487 4.8523 -0.1230 0.0637 -0.6764
2 196 4.2812 4.8578 -0.1243 0.0240 0.4715
2 197 4.3281 4.8527 -0.1240 -0.3155 -0.8132
2 198 4.2501 4.8782 -0.1165 0.3669 0.3166
2 199 4.2820 4.8818 -0.1132 0.2898 0.3785
2 200 4.3200 4.8845 -0.1100 -0.3905 -1.5330
2 201 4.1736 4.9364 -0.0928 -0.0713 -0.5396
2 202 4.1202 4.9439 -0.0916 -0.1353 0.6727
2 203 4.1865 4.9318 -0.0944 0.0596 -1.1822
2 204 4.0684 4.9383 -0.0966 -0.1030 1.3600
2 205 4.2026 4.9158 -0.1009 -0.6401 -1.1065
2 206 4.1007 4.9677 -0.0811 -0.6050 -1.4077
2 207 3.9689 5.0281 -0.0574 0.6859 -0.1538
2 208 3.9539 5.0226 -0.0603 0.7592 0.5170
2 209 4.0039 5.0434 -0.0494 0.5602 0.3514
2 210 4.0384 5.0536 -0.0439 -0.0088 1.1684
2 211 4.1551 5.0478 -0.0442 -0.3995 0.7335
2 212 4.2263 5.0263 -0.0526 -0.4970 0.5431
2 213 4.2783 5.0070 -0.0602 -0.2243 1.4131
2 214 4.4172 4.9777 -0.0696 -0.5671 0.6847
2 215 4.4816 4.9494 -0.0805 -0.3642 -0.6843
2 216 4.4155 4.9700 -0.0733 0.1127 -0.4536
2 217 4.3700 4.9700 -0.0749 -0.4423 0.2932
2 218 4.3981 4.9599 -0.0785 -0.4405 -1.1394
2 219 4.2889 4.9985 -0.0643 -0.5520 -0.0745
2 220 4.2818 5.0014 -0.0631 0.5068 -0.9339
2 221 4.1890 4.9791 -0.0765 0.4827 0.1181
2 222 4.2008 4.9817 -0.0748 0.0004 -0.1403
2 223 4.1868 4.9828 -0.0748 0.3812 0.1946
2 224 4.2062 4.9859 -0.0727 0.3490 -0.7922
2 225 4.1269 4.9748 -0.0807 -0.4495 0.3077
2 226 4.1563 4.9639 -0.0846 0.3181 -1.6037
2 227 3.9954 4.9468 -0.0994 0.2449 0.1170
2 228 4.0071 4.9475 -0.0986 -0.0796 -0.7291
2 229 3.9350 4.9584 -0.0968 0.0954 0.8698
2 230 4.0220 4.9556 -0.0942 0.1605 -1.2935
2 231 3.8923 4.9547 -0.1005 0.7065 -0.4736
2 232 3.8454 4.9395 -0.1098 0.0142 0.9253
2 233 3.9375 4.9303 -0.1094 0.2832 -1.9588
2 234 3.7406 4.9185 -0.1256 -0.3553 -1.5975
2 235 3.5881 4.9718 -0.1092 -0.4923 0.5018
2 236 3.6351 4.9514 -0.1162 -0.2593 -0.8977
2 237 3.5482 4.9761 -0.1094 -0.3456 1.2488
2 238 3.6676 4.9353 -0.1218 0.0081 -1.0687
2 239 3.5614 4.9477 -0.1221 0.2731 0.2666
2 240 3.5882 4.9490 -0.1200 0.6458 -0.9680
2 241 3.4914 4.9238 -0.1374 -0.6629 0.0657
2 242 3.4972 4.9204 -0.1386 -0.0774 -1.6219
2 243 3.3378 4.9507 -0.1347 -0.6010 -1.1799
2 244 3.2302 5.0071 -0.1149 0.1657 -1.3377
2 245 3.0961 5.0086 -0.1216 -0.3188 0.2295
2 246 3.1181 5.0013 -0.1237 -0.4831 -1.1053
2 247 3.0146 5.0460 -0.1086 -0.3147 0.3259
2 248 3.0460 5.0361 -0.1116 -0.7560 1.9374
2 249 3.2157 4.9253 -0.1523 -0.0226 0.4830
2 250 3.2633 4.9173 -0.1527 0.6271 1.9188
2 251 3.4558 4.9637 -0.1191 -0.5312 0.2155
2 252 3.4758 4.9544 -0.1223 -0.0007 -1.2167
2 253 3.3550 4.9693 -0.1223 -0.2356 -1.8329
2 254 3.1772 5.0176 -0.1095 -0.2220 1.2216
2 255 3.2960 4.9866 -0.1176 -0.6672 -1.7072
2 256 3.1405 5.0710 -0.0859 0.2822 1.3192
2 257 3.2728 5.0839 -0.0750 -0.0411 1.5097
2 258 3.4230 5.0682 -0.0769 0.5848 -1.8805
2 259 3.2360 5.0191 -0.1077 -0.5796 1.2867
2 260 3.3542 4.9599 -0.1285 -0.1424 -1.0194
2 261 3.2545 4.9821 -0.1241 -0.1551 0.8065
2 262 3.3333 4.9640 -0.1279 -0.0370 -1.3698
2 263 3.1978 4.9847 -0.1263 -0.7135 0.1404
2 264 3.2103 4.9771 -0.1291 0.6261 -1.8966
2 265 3.0196 4.9331 -0.1622 0.2150 1.7239
2 266 3.1927 4.9297 -0.1512 0.7429 1.6734
2 267 3.3594 4.9822 -0.1167 0.2757 -1.4913
2 268 3.2094 4.9746 -0.1287 -0.3951 0.2682
2 269 3.2348 4.9647 -0.1317 -0.2111 -0.3966
2 270 3.1963 4.9752 -0.1292 0.0498 -1.2515
2 271 3.0717 4.9873 -0.1312 0.3510 0.5543
2 272 3.1276 4.9922 -0.1256 0.6526 -0.7201
2 273 3.0555 4.9734 -0.1387 0.1705 0.0876
2 274 3.0642 4.9732 -0.1382 -0.0769 1.8087
2 275 3.2419 4.9387 -0.1425 -0.7250 -0.5473
2 276 3.1937 4.9693 -0.1315 0.3322 -1.5918
2 277 3.0334 4.9586 -0.1468 -0.2799 0.3033
2 278 3.0623 4.9488 -0.1493 -0.1103 -1.9287
2 279 2.8738 4.9907 -0.1428 -0.0338 -0.2462
2 280 2.8495 4.9948 -0.1425 0.1160 0.8611
2 281 2.9356 4.9892 -0.1395 -0.6168 1.8979
2 282 3.1051 4.8915 -0.1721 -0.1088 0.4517
2 283 3.1490 4.8805 -0.1736 -0.1271 1.8889
2 284 3.3318 4.8318 -0.1809 0.5548 -0.4148
2 285 3.2897 4.8255 -0.1874 -0.2801 0.8418
2 286 3.3689 4.7951 -0.1943 0.7808 -1.6727
2 287 3.1988 4.7520 -0.2306 0.5883 0.3291
2 288 3.2324 4.7561 -0.2252 0.7563 0.0631
2 289 3.2388 4.7576 -0.2239 -0.2727 0.9435
2 290 3.3263 4.7207 -0.2314 -0.4458 -0.4629
2 291 3.2850 4.7432 -0.2255 -0.6222 1.9522
2 292 3.4498 4.6274 -0.2594 -0.4475 -0.3175
2 293 3.4219 4.6437 -0.2554 0.3377 -1.7332
2 294 3.2471 4.6532 -0.2723 0.2377 -0.9177
2 295 3.1556 4.6647 -0.2788 -0.6497 -1.7143
2 296 3.0143 4.7719 -0.2477 0.0998 -1.9869
2 297 2.8188 4.8084 -0.2538 0.6960 1.4920
2 298 2.9715 4.8351 -0.2249 0.4451 -1.7572
2 299 2.7929 4.8289 -0.2471 -0.7363 0.4395
2 300 2.8284 4.7998 -0.2561 0.2621 -1.2343
2 301 2.7048 4.8117 -0.2656 0.5955 1.9620
2 302 2.9056 4.8330 -0.2330 -0.6199 0.9162
2 303 2.9831 4.7789 -0.2488 0.6150 0.6060
2 304 3.0451 4.7865 -0.2384 0.1746 1.3578
2 305 3.1802 4.7699 -0.2313 -0.0677 0.9379
2 306 3.2705 4.7442 -0.2333 0.4575 -0.1137
2 307 3.2589 4.7437 -0.2348 -0.7194 1.9017
2 308 3.4131 4.6192 -0.2728 0.2061 -0.9094
2 309 3.3227 4.6323 -0.2784 -0.6998 1.4373
2 310 3.4364 4.5353 -0.3063 0.2227 -0.0890
2 311 3.4276 4.5368 -0.3069 0.0530 1.7029
2 312 3.5917 4.4913 -0.3041 0.4148 0.7048
2 313 3.6632 4.4880 -0.2958 -0.4302 -1.4280
2 314 3.5395 4.5637 -0.2783 -0.2464 -0.8818
2 315 3.4589 4.6008 -0.2719 -0.5216 1.1663
2 316 3.5577 4.5340 -0.2890 -0.7843 -0.4557
2 317 3.5226 4.5665 -0.2791 -0.6035 1.9906
2 318 3.6852 4.4416 -0.3126 0.7278 0.7289
2 319 3.7606 4.4511 -0.2979 -0.6155 -0.4498
2 320 3.7240 4.4795 -0.2901 0.2682 -0.3530
2 321 3.6887 4.4839 -0.2929 0.0705 0.3547
2 322 3.7231 4.4752 -0.2921 -0.6496 -1.1393
2 323 3.6306 4.5482 -0.2715 -0.1903 1.3743
2 324 3.7577 4.4948 -0.2793 0.2066 -0.9678
2 325 3.6616 4.5093 -0.2853 0.2639 -1.7176
2 326 3.4901 4.5310 -0.2986 -0.0805 -1.6289
2 327 3.3370 4.5869 -0.2946 0.1127 -1.2701
2 328 3.2130 4.6150 -0.2989 0.4619 1.9714
2 329 3.4137 4.6137 -0.2731 -0.5518 -0.6072
2 330 3.3623 4.6488 -0.2637 0.2338 1.9865
2 331 3.5608 4.6272 -0.2500 -0.6262 -1.8584
2 332 3.4031 4.7365 -0.2176 -0.0154 -0.1445
2 333 3.3891 4.7398 -0.2175 -0.4771 0.7008
2 334 3.4514 4.7048 -0.2269 -0.6997 -0.0065
2 335 3.4508 4.7052 -0.2268 -0.6014 -1.1625
2 336 3.3504 4.7704 -0.2073 -0.2670 -1.6157
2 337 3.1987 4.8291 -0.1946 -0.6793 1.0200
2 338 3.2857 4.7687 -0.2139 0.1754 -1.1837
2 339 3.1676 4.7810 -0.2201 0.0443 -0.9667
2 340 3.0727 4.7994 -0.2215 -0.7278 1.2440
2 341 3.1748 4.7194 -0.2466 0.6409 0.6279
2 342 3.2391 4.7284 -0.2354 0.2557 -0.0406
2 343 3.2350 4.7287 -0.2357 -0.0216 1.4181
2 344 3.3724 4.6935 -0.2367 -0.2114 0.5352
2 345 3.4224 4.6739 -0.2401 0.6281 1.1549
2 346 3.5404 4.6910 -0.2198 0.6073 1.7487
2 347 3.7184 4.7191 -0.1902 -0.5279 -0.9550
2 348 3.6326 4.7660 -0.1760 -0.7824 0.4449
2 349 3.6700 4.7380 -0.1857 0.6624 0.0543
2 350 3.6755 4.7391 -0.1847 0.5384 -1.2823
2 351 3.5453 4.7223 -0.2041 0.2808 0.4192
2 352 3.5875 4.7212 -0.2006 0.0043 1.5624
2 353 3.7407 4.6905 -0.2004 -0.5837 1.6328
2 354 3.8827 4.6010 -0.2271 0.1487 0.3740
2 355 3.9199 4.5962 -0.2254 0.2423 -0.8149
2 356 3.8382 4.6023 -0.2312 0.4616 -1.2630
2 357 3.7097 4.5971 -0.2477 0.6181 -1.8751
2 358 3.5174 4.5771 -0.2801 0.1729 0.7735
2 359 3.5938 4.5642 -0.2761 0.3638 1.2055
2 360 3.7157 4.5587 -0.2634 0.4568 -0.0059
2 361 3.7151 4.5587 -0.2635 -0.2661 0.5529
2 362 3.7656 4.5353 -0.2678 -0.6420 1.1420
2 363 3.8589 4.4630 -0.2883 0.2335 -0.7276
2 364 3.7865 4.4734 -0.2933 0.3656 -1.3530
2 365 3.6500 4.4837 -0.3075 0.1271 0.5514
2 366 3.7038 4.4714 -0.3054 -0.4664 0.4047
2 367 3.7381 4.4485 -0.3107 -0.6676 0.9649
2 368 3.8136 4.3829 -0.3287 0.2734 -1.5900
2 369 3.6556 4.4089 -0.3414 0.1121 -0.1623
2 370 3.6399 4.4132 -0.3420 0.5942 0.2629
2 371 3.6670 4.4136 -0.3376 -0.1390 0.0538
2 372 3.6719 4.4113 -0.3378 0.2587 1.6284
2 373 3.8334 4.3839 -0.3254 0.6435 -1.5810
2 374 3.6701 4.3769 -0.3538 0.3933 -1.5652
2 375 3.5126 4.3962 -0.3714 0.2632 0.3852
2 376 3.5506 4.3883 -0.3684 -0.3420 -1.1175
2 377 3.4558 4.4497 -0.3574 -0.5695 0.2223
2 378 3.4733 4.4350 -0.3609 0.4448 0.1571
2 379 3.4892 4.4335 -0.3589 0.6450 1.2591
2 380 3.6193 4.4381 -0.3363 -0.2974 1.4735
2 381 3.7476 4.3632 -0.3491 0.5601 -1.9486
2 382 3.5477 4.3691 -0.3797 0.3508 -1.5118
2 383 3.3971 4.3950 -0.3950 -0.2462 0.4695
2 384 3.4373 4.3702 -0.3984 0.6118 -0.6202
2 385 3.3734 4.3727 -0.4090 -0.0125 -0.3501
2 386 3.3414 4.3869 -0.4088 -0.7555 1.3731
2 387 3.4341 4.2772 -0.4377 -0.0541 -1.5287
2 388 3.2979 4.3468 -0.4351 -0.5668 1.6615
2 389 3.4183 4.2260 -0.4615 0.2829 -0.0037
2 390 3.4180 4.2261 -0.4615 0.5388 -0.8905
2 391 3.3277 4.2393 -0.4750 0.4089 -1.3646
2 392 3.1930 4.2712 -0.4909 -0.0664 -1.1415
2 393 3.0947 4.3293 -0.4886 -0.5087 1.0114
2 394 3.1666 4.2551 -0.5030 0.7775 1.6926
2 395 3.3440 4.2505 -0.4665 0.1515 -1.2801
2 396 3.2245 4.2970 -0.4723 0.2011 0.5172
2 397 3.2734 4.2796 -0.4692 -0.1806 1.2642
2 398 3.3788 4.2092 -0.4761 0.0557 1.3787
2 399 3.5037 4.1507 -0.4737 0.1297 -1.3754
2 400 3.3764 4.2033 -0.4791 -0.1029 -0.6511
2 401 3.3207 4.2371 -0.4770 0.4594 1.0529
2 402 3.4259 4.2167 -0.4633 -0.5625 -0.2838
2 403 3.4056 4.2376 -0.4589 -0.0419 0.9370
2 404 3.4884 4.1937 -0.4601 -0.5324 1.4521
2 405 3.5929 4.0880 -0.4818 0.4283 -0.2915
2 406 3.5640 4.0945 -0.4854 0.5199 0.0618
2 407 3.5703 4.0935 -0.4845 0.0723 0.7289
2 408 3.6364 4.0627 -0.4828 -0.5274 0.9714
2 409 3.7052 3.9909 -0.4972 0.3678 1.8853
2 410 3.8895 3.9418 -0.4773 0.5836 1.9244
2 411 4.0861 3.9194 -0.4459 -0.3646 -0.7261
2 412 4.0283 3.9648 -0.4383 -0.3203 -0.7760
2 413 3.9652 4.0112 -0.4311 0.4161 0.2697
2 414 3.9922 4.0064 -0.4279 0.0221 -0.6230
2 415 3.9351 4.0315 -0.4283 -0.0753 1.4564
2 416 4.0644 3.9642 -0.4317 -0.2896 -1.1222
2 417 3.9716 4.0288 -0.4222 -0.4866 -0.3214
2 418 3.9468 4.0502 -0.4178 -0.0112 -0.0124
2 419 3.9457 4.0508 -0.4178 -0.7463 1.9567
2 420 4.0761 3.8933 -0.4584 -0.5104 -1.3952
2 421 3.9724 3.9911 -0.4383 -0.4162 0.1452
2 422 3.9837 3.9816 -0.4400 -0.1835 -0.7526
2 423 3.9196 4.0215 -0.4359 0.4668 1.5299
2 424 4.0738 3.9993 -0.4157 0.0760 1.2604
2 425 4.1917 3.9544 -0.4127 -0.0424 0.8192
2 426 4.2657 3.9194 -0.4138 0.6778 -1.5027
2 427 4.1099 3.9235 -0.4421 0.0410 -1.8355
2 428 3.9420 3.9976 -0.4445 -0.2345 -1.8577
2 429 3.7865 4.1011 -0.4316 -0.7065 0.6037
2 430 3.8277 4.0536 -0.4435 0.2398 -1.3673
2 431 3.6962 4.0938 -0.4532 0.3089 0.6238
2 432 3.7570 4.0777 -0.4476 0.5200 0.5612
2 433 3.8139 4.0703 -0.4393 0.6609 -1.0327
2 434 3.7072 4.0763 -0.4583 -0.2483 -1.0887
2 435 3.6175 4.1392 -0.4504 -0.1115 1.6879
2 436 3.7636 4.0543 -0.4561 0.3331 1.3155
2 437 3.8926 4.0223 -0.4435 0.7479 -1.2663
2 438 3.7602 4.0242 -0.4698 -0.0826 -0.2566
2 439 3.7380 4.0371 -0.4691 0.2965 1.0107
2 440 3.8359 4.0090 -0.4604 -0.0377 1.8927
2 441 4.0032 3.9204 -0.4626 0.6600 -1.7217
2 442 3.8256 3.9359 -0.4943 -0.3939 0.7293
2 443 3.8802 3.8861 -0.5025 0.6527 0.7922
2 444 3.9617 3.8773 -0.4881 -0.7448 1.8474
2 445 4.0744 3.7206 -0.5263 -0.0150 -0.4286
2 446 4.0376 3.7425 -0.5261 0.4203 0.1229
2 447 4.0496 3.7391 -0.5247 -0.5137 -0.8268
2 448 3.9924 3.8014 -0.5127 -0.4392 1.2656
2 449 4.0832 3.7102 -0.5285 -0.5832 1.0527
2 450 4.1517 3.6264 -0.5457 -0.2309 0.1199
2 451 4.1610 3.6187 -0.5465 -0.4340 -1.7684
2 452 4.0357 3.7476 -0.5247 -0.5716 1.0963
2 453 4.1079 3.6612 -0.5422 -0.7316 1.8598
3 1 9.6000 3.1500 0.0000 -0.2866 1.3955
3 2 9.7382 3.1241 -0.0117 0.2127 -1.8707
3 3 9.5516 3.1019 -0.0235 0.0596 -1.4664
3 4 9.4049 3.0997 -0.0262 -0.5321 0.8321
3 5 9.4849 3.0704 -0.0387 0.3869 -1.5699
3 6 9.3287 3.0403 -0.0561 -0.5483 -0.0025
3 7 9.3285 3.0404 -0.0560 -0.6020 -0.1994
3 8 9.3097 3.0486 -0.0527 0.1330 1.1402
3 9 9.4238 3.0528 -0.0481 0.4781 -1.3088
3 10 9.2940 3.0221 -0.0658 -0.7639 0.3825
3 11 9.3287 3.0022 -0.0739 0.4044 -1.9228
3 12 9.1363 2.9706 -0.0961 -0.2565 0.2763
3 13 9.1632 2.9635 -0.0982 -0.2233 -0.3019
3 14 9.1337 2.9707 -0.0962 -0.4574 1.6440
3 15 9.2888 2.9080 -0.1175 0.6585 0.0701
3 16 9.2958 2.9099 -0.1162 -0.1519 -0.8735
3 17 9.2102 2.9284 -0.1122 -0.6332 -0.3751
3 18 9.1760 2.9465 -0.1056 -0.7385 -1.6244
3 19 9.0292 3.0316 -0.0722 0.6778 -1.2680
3 20 8.9043 2.9905 -0.0962 0.1633 0.9184
3 21 8.9963 2.9916 -0.0916 0.5885 -0.8012
3 22 8.9165 2.9710 -0.1048 0.7383 1.6683
3 23 9.0802 3.0305 -0.0706 0.1865 -1.3595
3 24 8.9440 3.0243 -0.0782 -0.2287 0.5447
3 25 8.9973 3.0120 -0.0819 0.0007 0.4901
3 26 9.0462 3.0080 -0.0819 0.6937 0.2944
3 27 9.0751 3.0180 -0.0762 -0.1124 1.0005
3 28 9.1741 3.0029 -0.0796 0.6817 -1.4610
3 29 9.0297 2.9566 -0.1073 -0.6740 0.8766
3 30 9.1089 2.9118 -0.1238 0.2853 -0.4259
3 31 9.0660 2.9095 -0.1273 0.1512 1.7417
3 32 9.2405 2.9051 -0.1194 0.6366 -0.0917
3 33 9.2313 2.9027 -0.1210 -0.5529 -1.2636
3 34 9.1142 2.9582 -0.1014 0.3159 -1.1091
3 35 9.0028 2.9481 -0.1116 -0.4991 -1.3831
3 36 8.8729 3.0034 -0.0921 0.3771 0.5018
3 37 8.9232 3.0106 -0.0867 0.3504 -1.2004
3 38 8.8028 2.9956 -0.0988 -0.5292 1.0540
3 39 8.9010 2.9512 -0.1145 -0.5419 0.3098
3 40 8.9297 2.9376 -0.1192 0.1271 -1.6068
3 41 8.7689 2.9439 -0.1254 -0.6501 0.2113
3 42 8.7880 2.9332 -0.1292 0.0941 -0.5883
3 43 8.7292 2.9372 -0.1309 -0.7507 1.0604
3 44 8.8216 2.8759 -0.1531 0.2042 1.9792
3 45 9.0203 2.8727 -0.1410 0.0674 -0.3845
3 46 8.9820 2.8764 -0.1418 -0.6614 -1.3807
3 47 8.8580 2.9476 -0.1164 -0.6221 -0.1675
3 48 8.8427 2.9557 -0.1135 0.5098 1.3269
3 49 8.9755 2.9830 -0.0944 0.6892 -0.5457
3 50 8.9215 2.9658 -0.1049 -0.7378 -1.3421
3 51 8.8004 3.0363 -0.0774 0.4905 -1.9897
3 52 8.6017 2.9950 -0.1049 -0.7695 0.9996
3 53 8.6899 2.9385 -0.1263 -0.2669 1.4051
3 54 8.8250 2.8967 -0.1373 -0.5810 0.7034
3 55 8.8888 2.8626 -0.1487 -0.2437 0.3435
3 56 8.9217 2.8523 -0.1512 -0.0243 -0.8834
3 57 8.8346 2.8670 -0.1505 -0.0963 1.9312
3 58 9.0234 2.8254 -0.1563 -0.2321 1.0925
3 59 9.1280 2.7922 -0.1638 0.4355 1.5138
3 60 9.2809 2.8092 -0.1450 0.2145 -1.4629
3 61 9.1340 2.8110 -0.1543 0.1473 -1.7321
3 62 8.9608 2.8219 -0.1621 0.3629 -0.6444
3 63 8.8957 2.8181 -0.1688 0.3567 -0.6903
3 64 8.8260 2.8147 -0.1759 -0.1843 -0.0463
3 65 8.8215 2.8161 -0.1756 0.5158 -0.5327
3 66 8.7675 2.8090 -0.1834 0.1791 -0.1208
3 67 8.7555 2.8098 -0.1840 -0.5022 0.9816
4 1 7.3000 5.7500 0.0000 0.4587 -1.6717
4 2 7.1359 5.7051 -0.0217 0.6712 -0.0836
4 3 7.1278 5.7019 -0.0233 -0.3527 0.2769
4 4 7.1550 5.6952 -0.0261 0.5412 1.7473
4 5 7.3253 5.7500 0.0004 -0.1033 -1.1789
4 6 7.2076 5.7578 0.0042 -0.0017 -1.7246
4 7 7.0351 5.7573 0.0043 -0.4525 -1.8903
4 8 6.8492 5.8064 0.0285 -0.3760 -1.6157
4 9 6.6887 5.8379 0.0460 -0.2803 -0.2778
4 10 6.6609 5.8415 0.0482 -0.5297 1.7537
4 11 6.8333 5.7914 0.0221 -0.4232 1.6527
4 12 6.9960 5.7506 0.0022 -0.6070 1.1337
4 13 7.1050 5.7084 -0.0170 -0.2192 0.6729
4 14 7.1717 5.6978 -0.0214 0.5959 0.1444
4 15 7.1858 5.7026 -0.0190 0.1920 -1.4241
4 16 7.0436 5.6883 -0.0272 -0.3237 -0.5952
4 17 6.9850 5.7018 -0.0216 -0.4328 0.1045
4 18 6.9952 5.6988 -0.0229 0.1164 0.7942
4 19 7.0746 5.7032 -0.0200 -0.0374 1.1669
4 20 7.1912 5.6978 -0.0214 0.6052 -0.6090
4 21 7.1319 5.6772 -0.0317 -0.4295 1.9226
4 22 7.3182 5.6186 -0.0552 -0.1812 1.7915
4 23 7.4951 5.5870 -0.0649 0.4158 0.6818
4 24 7.5631 5.6002 -0.0568 -0.4181 -1.1875
4 25 7.4481 5.6364 -0.0427 -0.2285 -1.0821
4 26 7.3412 5.6564 -0.0354 0.4277 0.5428
4 27 7.3949 5.6689 -0.0288 0.2378 -0.4088
4 28 7.3541 5.6639 -0.0316 0.0359 -1.2983
4 29 7.2242 5.6650 -0.0331 -0.3233 1.9857
4 30 7.4188 5.6167 -0.0517 0.0684 -1.3469
4 31 7.2840 5.6177 -0.0546 -0.1630 -1.0512
4 32 7.1799 5.6342 -0.0494 -0.4221 -1.4880
4 33 7.0355 5.6786 -0.0315 -0.7451 1.5035
4 34 7.1743 5.6050 -0.0626 -0.4659 -1.5388
4 35 7.0263 5.6565 -0.0423 0.7554 -1.0954
4 36 6.9204 5.6127 -0.0653 -0.1663 1.0454
4 37 7.0236 5.5944 -0.0706 -0.6689 -1.9899
4 38 6.8378 5.6838 -0.0335 -0.5152 -0.8359
4 39 6.7572 5.7121 -0.0214 -0.2007 -1.2697
4 40 6.6311 5.7307 -0.0138 0.1329 -1.3223
4 41 6.4989 5.7214 -0.0191 0.7409 -1.8647
4 42 6.3195 5.6456 -0.0575 0.6084 -0.9088
4 43 6.2300 5.6182 -0.0730 0.7260 -0.9797
4 44 6.1339 5.5835 -0.0927 -0.3886 1.6403
4 45 6.2905 5.5281 -0.1110 0.4329 1.7605
4 46 6.4670 5.5572 -0.0893 0.7151 1.4308
4 47 6.6071 5.6080 -0.0609 0.0039 0.8577
4 48 6.6927 5.6030 -0.0608 -0.5324 -0.2959
4 49 6.6646 5.6142 -0.0563 -0.6385 -0.8292
4 50 6.5866 5.6497 -0.0416 -0.7815 -1.7410
4 51 6.4250 5.7347 -0.0038 0.2563 1.6995
4 52 6.5936 5.7627 0.0090 0.1719 1.3614
4 53 6.7291 5.7796 0.0161 0.2979 -1.2846
4 54 6.6021 5.7542 0.0049 0.6179 -0.9637
4 55 6.5093 5.7188 -0.0117 0.1589 0.7906
4 56 6.5882 5.7262 -0.0079 0.5562 -0.7419
4 57 6.5159 5.7023 -0.0195 0.6527 -0.6666
4 58 6.4514 5.6779 -0.0316 -0.2048 0.2112
4 59 6.4723 5.6745 -0.0329 -0.3664 -1.8933
4 60 6.2867 5.7216 -0.0129 0.6184 -0.8857
4 61 6.2008 5.6905 -0.0282 -0.6790 0.2103
4 62 6.2206 5.6814 -0.0322 -0.6761 1.9876
4 63 6.4061 5.5914 -0.0696 -0.1661 0.7142
4 64 6.4765 5.5787 -0.0731 0.3256 -1.1396
4 65 6.3624 5.5645 -0.0839 -0.4855 1.0564
4 66 6.4622 5.5241 -0.0984 -0.1642 0.2103
4 67 6.4829 5.5198 -0.0994 -0.0219 0.1255
4 68 6.4954 5.5184 -0.0995 -0.0631 -1.9411
4 69 6.3031 5.5454 -0.0957 0.0926 -0.6367
4 70 6.2394 5.5477 -0.0975 0.1448 0.4825
4 71 6.2877 5.5476 -0.0954 -0.2388 1.4538
4 72 6.4293 5.5111 -0.1057 0.2717 -0.8028
4 73 6.3486 5.5061 -0.1121 -0.5345 1.5742
4 74 6.4941 5.4368 -0.1357 0.3963 0.9405
4 75 6.5888 5.4475 -0.1250 0.0623 1.2770
4 76 6.7162 5.4370 -0.1226 0.3289 -1.5173
4 77 6.5634 5.4256 -0.1370 -0.5215 -0.0322
4 78 6.5604 5.4270 -0.1365 -0.4310 0.0580
4 79 6.5658 5.4247 -0.1372 -0.7306 -1.6673
4 80 6.4178 5.5160 -0.1034 -0.4767 -1.3818
4 81 6.2871 5.5685 -0.0848 0.3003 -1.7180
4 82 6.1147 5.5520 -0.0998 0.4832 1.2921
4 83 6.2438 5.5783 -0.0822 0.5225 0.1865
4 84 6.2624 5.5827 -0.0794 -0.0901 1.6370
4 85 6.4246 5.5597 -0.0840 -0.1141 -0.5940
4 86 6.3658 5.5690 -0.0819 0.7382 1.6605
4 87 6.5274 5.6319 -0.0478 0.4711 -1.8710
4 88 6.3415 5.5894 -0.0728 0.5344 1.5985
4 89 6.4997 5.6315 -0.0488 0.2923 -0.5466
4 90 6.4451 5.6242 -0.0534 0.3803 -0.0283
4 91 6.4423 5.6237 -0.0537 -0.3806 -1.7279
4 92 6.2740 5.6718 -0.0349 -0.1412 -0.9266
4 93 6.1819 5.6834 -0.0309 0.6617 1.9289
4 94 6.3675 5.7573 0.0046 -0.3982 -1.0450
4 95 6.2644 5.7818 0.0165 -0.0115 -1.3114
4 96 6.1333 5.7807 0.0170 -0.5356 1.7252
4 97 6.3011 5.7255 -0.0089 0.0689 0.9399
4 98 6.3951 5.7291 -0.0069 0.7157 1.9354
4 99 6.5778 5.8141 0.0316 -0.0850 1.2467
4 100 6.7025 5.8109 0.0283 -0.4959 1.9101
4 101 6.8897 5.7562 0.0016 -0.2277 1.0438
4 102 6.9934 5.7409 -0.0054 0.4585 1.8187
4 103 7.1711 5.7928 0.0182 0.6909 0.9772
4 104 7.2631 5.8357 0.0370 0.4350 1.5842
4 105 7.4163 5.8851 0.0566 0.2735 -0.1779
4 106 7.3989 5.8810 0.0551 0.0062 -0.0191
4 107 7.3970 5.8809 0.0551 -0.7159 1.1485
4 108 7.5081 5.8366 0.0323 -0.4438 0.7219
4 109 7.5794 5.8190 0.0232 -0.4873 0.9499
4 110 7.6725 5.7924 0.0101 0.1993 -0.6044
4 111 7.6124 5.7842 0.0065 -0.0569 0.8248
4 112 7.6949 5.7815 0.0050 0.4393 -0.4070
4 113 7.6550 5.7705 -0.0000 -0.5744 1.2747
4 114 7.7779 5.7252 -0.0205 -0.2004 1.4088
4 115 7.9176 5.7036 -0.0289 -0.0306 0.7576
4 116 7.9933 5.6999 -0.0297 0.7419 1.5492
4 117 8.1408 5.7665 0.0023 0.4250 1.0352
4 118 8.2421 5.7943 0.0148 -0.7308 -0.8809
4 119 8.1578 5.8308 0.0327 0.5494 0.9324
4 120 8.2469 5.8653 0.0471 0.7654 1.8252
4 121 8.4130 5.9600 0.0859 0.3473 -0.3478
4 122 8.3794 5.9496 0.0824 -0.5995 1.5428
4 123 8.5317 5.9045 0.0566 -0.6815 0.8644
4 124 8.6158 5.8733 0.0402 0.3928 -0.9495
4 125 8.5232 5.8471 0.0295 -0.0960 -1.5269
4 126 8.3704 5.8520 0.0340 0.7806 1.5863
4 127 8.5155 5.9335 0.0684 0.6095 1.4578
4 128 8.6512 5.9980 0.0932 -0.6271 -0.1712
4 129 8.6342 6.0029 0.0962 0.3307 -1.6553
4 130 8.4742 5.9545 0.0804 -0.3402 1.0560
4 131 8.5799 5.9401 0.0700 0.6224 -1.6451
4 132 8.4254 5.8700 0.0414 -0.7319 -0.1495
4 133 8.4109 5.8759 0.0445 0.6458 1.8459
4 134 8.5833 5.9580 0.0777 0.0385 0.5961
4 135 8.6426 5.9641 0.0784 0.7846 1.9899
4 136 8.8192 6.0757 0.1218 -0.1938 1.9760
4 137 9.0175 6.0740 0.1104 -0.7490 1.2835
4 138 9.1437 6.0286 0.0837 0.1941 0.9425
4 139 9.2362 6.0484 0.0891 -0.6779 -1.6846
4 140 9.0691 6.0995 0.1209 0.3048 -1.8006
4 141 8.8958 6.0453 0.1049 0.1185 1.1236
4 142 9.0064 6.0659 0.1090 -0.2043 -0.5091
4 143 8.9553 6.0670 0.1121 -0.4874 -0.1663
4 144 8.9386 6.0700 0.1144 -0.1331 -1.0173
4 145 8.8368 6.0670 0.1185 0.0867 -1.2127
4 146 8.7172 6.0460 0.1153 0.0520 -1.2555
4 147 8.5930 6.0273 0.1132 -0.0927 0.7565
4 148 8.6687 6.0312 0.1111 -0.4768 1.1781
4 149 8.7867 6.0090 0.0952 0.1958 -0.4493
4 150 8.7427 5.9992 0.0925 -0.0488 -1.2938
4 151 8.6135 5.9914 0.0945 0.1815 -1.2922
4 152 8.4867 5.9646 0.0875 -0.7732 -1.6132
4 153 8.3279 6.0229 0.1222 0.3410 -1.3802
4 154 8.1958 5.9781 0.1086 0.5212 1.2341
4 155 8.3105 6.0309 0.1267 -0.7687 0.9104
4 156 8.4005 5.9993 0.1072 -0.2402 -0.0892
4 157 8.3916 5.9997 0.1078 0.5630 -0.7789
4 158 8.3192 5.9658 0.0956 -0.4769 0.5822
4 159 8.3774 5.9542 0.0877 -0.7269 0.5285
4 160 8.4292 5.9354 0.0770 0.7637 0.4991
4 161 8.4742 5.9620 0.0876 -0.2130 -0.3613
4 162 8.4380 5.9637 0.0899 -0.7737 -1.4552
4 163 8.2947 6.0162 0.1212 0.0358 -1.9156
4 164 8.1051 5.9887 0.1191 -0.4979 0.4247
4 165 8.1478 5.9807 0.1131 -0.3938 0.4625
4 166 8.1942 5.9746 0.1079 0.5903 -0.0041
4 167 8.1939 5.9744 0.1078 0.3411 1.6789
4 168 8.3545 6.0290 0.1244 0.1744 -1.1479
4 169 8.2425 6.0023 0.1184 -0.7423 -0.6050
4 170 8.1824 6.0218 0.1308 0.0185 -1.8648
4 171 7.9978 5.9953 0.1297 -0.7398 -0.8549
4 172 7.9125 6.0215 0.1473 -0.6426 1.0132
4 173 8.0141 5.9963 0.1292 -0.0747 -1.5177
4 174 7.8628 5.9840 0.1327 0.1116 -0.1421
4 175 7.8488 5.9811 0.1322 0.0422 -0.6309
4 176 7.7865 5.9710 0.1314 -0.7343 0.5375
4 177 7.8400 5.9540 0.1204 0.0048 0.7545
4 178 7.9149 5.9633 0.1205 0.0440 0.2282
4 179 7.9374 5.9667 0.1208 0.5072 0.1418
4 180 7.9506 5.9727 0.1229 0.7212 -1.1230
4 181 7.8501 5.9127 0.1003 -0.4271 -1.0167
4 182 7.7481 5.9286 0.1127 0.4242 -0.0487
4 183 7.7435 5.9268 0.1121 0.5935 -1.9132
4 184 7.5662 5.8411 0.0804 0.0895 -1.8753
4 185 7.3803 5.8155 0.0752 -0.2719 -1.3782
4 186 7.2421 5.8280 0.0862 0.1630 1.9681
4 187 7.4356 5.8665 0.0959 0.4245 -0.9217
4 188 7.3477 5.8345 0.0847 -0.0161 -0.9485
4 189 7.2531 5.8275 0.0852 0.5948 -0.8189
4 190 7.1766 5.7921 0.0716 -0.2837 -1.9730
4 191 6.9788 5.8116 0.0880 -0.1658 -0.4181
4 192 6.9369 5.8124 0.0900 -0.7107 0.7739
4 193 7.0129 5.7856 0.0747 -0.2346 1.1677
4 194 7.1299 5.7765 0.0666 0.7261 -0.5988
4 195 7.0748 5.7471 0.0546 0.2400 -1.7241
4 196 6.9050 5.7126 0.0423 0.6734 1.2331
4 197 7.0199 5.7685 0.0654 0.3891 -0.5837
4 198 6.9634 5.7510 0.0589 -0.7183 1.0124
4 199 7.0616 5.7123 0.0387 0.6056 1.5879
4 200 7.2114 5.7779 0.0656 0.6391 -1.0640
4 201 7.1117 5.7315 0.0466 0.4183 -0.5915
4 202 7.0543 5.7138 0.0396 -0.7047 1.2353
4 203 7.1732 5.6650 0.0154 0.0115 -1.9370
4 204 6.9795 5.6606 0.0147 0.0148 1.2229
4 205 7.1018 5.6637 0.0152 -0.1189 -1.7472
4 206 6.9271 5.6741 0.0216 -0.1576 -1.9255
4 207 6.7347 5.6887 0.0307 0.1959 -0.2448
4 208 6.7104 5.6849 0.0293 -0.0680 0.6225
4 209 6.7727 5.6839 0.0280 -0.0738 0.6389
4 210 6.8366 5.6825 0.0265 -0.2928 1.7303
4 211 7.0086 5.6540 0.0117 -0.2073 -0.3643
4 212 6.9723 5.6584 0.0140 -0.0369 -1.5593
4 213 6.8164 5.6599 0.0158 -0.5235 1.0042
4 214 6.9143 5.6290 0.0010 0.3818 -1.1289
4 215 6.8030 5.6030 -0.0113 0.0847 1.0662
4 216 6.9096 5.6079 -0.0086 0.5370 -1.6505
4 217 6.7482 5.5578 -0.0335 0.3215 1.4566
4 218 6.8930 5.5831 -0.0199 -0.3403 1.6869
4 219 7.0585 5.5428 -0.0365 -0.7446 -0.7840
4 220 6.9854 5.5797 -0.0202 0.5301 1.2121
4 221 7.1037 5.6172 -0.0022 -0.6271 1.4870
4 222 7.2458 5.5592 -0.0282 0.5700 -1.4708
4 223 7.1015 5.5144 -0.0517 -0.3599 -1.4554
4 224 6.9595 5.5531 -0.0366 0.6287 -0.3861
4 225 6.9218 5.5401 -0.0433 -0.1491 1.1484
4 226 7.0358 5.5237 -0.0485 0.3369 1.6752
4 227 7.2026 5.5521 -0.0322 -0.5166 1.6668
4 228 7.3624 5.4928 -0.0564 0.7204 -0.5654
4 229 7.3073 5.4719 -0.0678 0.7607 -1.6006
4 230 7.1508 5.4121 -0.1016 -0.4344 -1.2270
4 231 7.0340 5.4559 -0.0864 -0.1142 -1.2552
4 232 6.9099 5.4758 -0.0821 -0.7161 -1.4438
4 233 6.7773 5.5467 -0.0533 0.1804 -1.2428
4 234 6.6529 5.5393 -0.0600 -0.6446 -1.9755
4 235 6.4668 5.6236 -0.0246 -0.0291 -0.6507
4 236 6.4018 5.6264 -0.0240 0.3378 -1.5922
4 237 6.2435 5.5980 -0.0395 -0.6196 0.2194
4 238 6.2642 5.5890 -0.0433 0.3309 -0.4799
4 239 6.2164 5.5813 -0.0479 -0.0303 0.9312
4 240 6.3093 5.5749 -0.0488 0.7848 0.5378
4 241 6.3608 5.5979 -0.0371 0.2153 0.8968
4 242 6.4504 5.6072 -0.0313 0.3520 0.1022
4 243 6.4606 5.6091 -0.0303 -0.5316 1.6179
4 244 6.6155 5.5505 -0.0545 0.3981 -1.2087
4 245 6.4950 5.5283 -0.0682 -0.0639 0.2343
4 246 6.5183 5.5257 -0.0687 -0.0698 -1.4777
4 247 6.3714 5.5424 -0.0655 0.7786 -0.0234
4 248 6.3691 5.5415 -0.0660 -0.3202 1.7834
4 249 6.5424 5.4929 -0.0826 -0.3748 -0.2078
4 250 6.5224 5.4993 -0.0803 0.2733 -1.4768
4 251 6.3742 5.4866 -0.0922 -0.5802 -0.1384
4 252 6.3614 5.4926 -0.0899 -0.7302 -0.7737
4 253 6.2911 5.5323 -0.0742 -0.0868 -0.4462
4 254 6.2468 5.5381 -0.0730 -0.2120 -1.3757
4 255 6.1115 5.5661 -0.0643 -0.2794 1.7554
4 256 6.2829 5.5229 -0.0787 -0.1998 0.3557
4 257 6.3179 5.5155 -0.0808 0.2643 0.9526
4 258 6.4133 5.5241 -0.0734 -0.5410 -1.9013
4 259 6.2327 5.5970 -0.0445 -0.6301 0.4039
4 260 6.2708 5.5799 -0.0516 -0.0671 -0.1893
4 261 6.2519 5.5817 -0.0512 -0.2416 1.0101
4 262 6.3513 5.5607 -0.0584 -0.1938 0.0554
4 263 6.3567 5.5597 -0.0588 -0.6841 -1.2162
4 264 6.2432 5.6149 -0.0356 -0.5225 -0.8887
4 265 6.1576 5.6455 -0.0226 0.3996 0.5946
4 266 6.2163 5.6589 -0.0158 -0.5570 -1.1786
4 267 6.1024 5.6993 0.0026 -0.5927 -1.7442
4 268 5.9330 5.7585 0.0315 -0.6607 0.1512
4 269 5.9476 5.7530 0.0288 -0.7191 -0.1970
4 270 5.9286 5.7608 0.0327 -0.6399 -1.1412
4 271 5.8173 5.7999 0.0530 0.0105 1.2359
4 272 5.9407 5.8073 0.0535 0.4469 0.3420
4 273 5.9736 5.8185 0.0578 -0.5105 1.6712
4 274 6.1386 5.7743 0.0338 -0.2394 -1.0367
4 275 6.0351 5.7862 0.0411 0.6789 -1.4274
4 276 5.9005 5.7245 0.0141 -0.0049 -1.2906
4 277 5.7714 5.7231 0.0143 -0.4506 -0.6280
4 278 5.7096 5.7392 0.0224 -0.1183 -0.6283
4 279 5.6468 5.7427 0.0246 0.4192 -0.8566
4 280 5.5631 5.7190 0.0144 -0.1095 0.7319
4 281 5.6362 5.7147 0.0119 -0.3798 -1.4488
4 282 5.4929 5.7458 0.0277 0.3440 -1.8251
4 283 5.3134 5.7035 0.0096 0.7120 0.7890
4 284 5.3877 5.7383 0.0252 -0.5661 0.1782
4 285 5.4051 5.7327 0.0224 0.4556 1.2615
4 286 5.5275 5.7715 0.0387 -0.7318 0.6883
4 287 5.5936 5.7435 0.0247 0.3655 1.7611
4 288 5.7659 5.7891 0.0432 -0.2790 1.1187
4 289 5.8775 5.7738 0.0341 -0.3153 0.1071
4 290 5.8882 5.7720 0.0331 0.3701 1.9896
4 291 6.0821 5.8260 0.0542 0.0837 -1.5174
4 292 5.9312 5.8097 0.0503 0.1686 -1.3559
4 293 5.7968 5.7886 0.0434 0.5311 0.0714
4 294 5.8037 5.7912 0.0445 -0.6252 -1.9323
4 295 5.6138 5.8521 0.0782 0.5566 0.3073
4 296 5.6427 5.8648 0.0830 0.2336 -1.2569
4 297 5.5196 5.8364 0.0743 -0.5400 1.5724
4 298 5.6751 5.7947 0.0505 0.4574 0.5679
4 299 5.7298 5.8135 0.0578 -0.6806 -1.4784
4 300 5.5847 5.8634 0.0858 0.2268 0.1867
4 301 5.6030 5.8677 0.0871 -0.5191 -0.3364
4 302 5.5694 5.8753 0.0920 -0.2808 -0.4414
4 303 5.5251 5.8790 0.0956 -0.3174 0.8376
4 304 5.6092 5.8701 0.0879 0.6824 1.9223
4 305 5.7833 5.9675 0.1244 -0.5932 1.6377
4 306 5.9468 5.9270 0.0972 -0.0634 -0.8189
4 307 5.8650 5.9224 0.0989 0.5589 -0.3617
4 308 5.8313 5.9069 0.0932 0.6107 1.2751
4 309 5.9486 5.9662 0.1149 0.4057 -0.0481
4 310 5.9441 5.9644 0.1144 0.5213 -1.7064
4 311 5.7844 5.8940 0.0894 -0.7370 -1.2985
4 312 5.6562 5.9383 0.1160 -0.6964 -0.5729
4 313 5.5992 5.9554 0.1271 0.2459 1.8266
4 314 5.7753 6.0078 0.1403 0.3365 -0.7413
4 315 5.7048 5.9825 0.1331 0.3449 0.8132
4 316 5.7820 6.0107 0.1412 0.4433 -0.5119
4 317 5.7342 5.9901 0.1347 0.4884 -0.6367
4 318 5.6750 5.9633 0.1260 -0.7223 1.7812
4 319 5.8513 5.9051 0.0902 0.1536 -0.7411
4 320 5.7783 5.8912 0.0868 -0.4823 -1.4083
4 321 5.6375 5.9190 0.1059 0.3755 1.6221
4 322 5.7919 5.9746 0.1234 0.7100 1.2083
4 323 5.8988 6.0410 0.1473 -0.4553 -0.0756
4 324 5.8912 6.0419 0.1483 -0.1159 1.2243
4 325 6.0135 6.0505 0.1439 0.5076 1.9836
4 326 6.1947 6.1412 0.1723 0.0389 0.2178
4 327 6.2161 6.1455 0.1726 0.0619 -0.6590
4 328 6.1517 6.1315 0.1713 -0.0563 -0.6572
4 329 6.0865 6.1227 0.1724 -0.7204 0.5580
4 330 6.1427 6.1078 0.1613 -0.5924 1.1104
4 331 6.2547 6.0850 0.1429 0.1249 -0.9028
4 332 6.1665 6.0650 0.1394 0.1326 -1.8915
4 333 5.9817 6.0232 0.1318 0.3594 -0.8607
4 334 5.8999 5.9934 0.1229 -0.6353 1.9807
4 335 6.0969 5.9385 0.0878 0.5813 -1.0152
4 336 6.0019 5.8953 0.0713 -0.0334 0.2201
4 337 6.0239 5.8963 0.0711 -0.3907 -0.7481
4 338 5.9491 5.9087 0.0795 0.6921 -0.4245
4 339 5.9101 5.8882 0.0713 -0.0009 0.9264
4 340 6.0025 5.8947 0.0713 0.4721 -1.8486
4 341 5.8253 5.8311 0.0466 -0.1979 0.2237
4 342 5.8476 5.8293 0.0453 -0.1028 1.4947
4 343 5.9972 5.8256 0.0405 0.4839 1.6003
4 344 6.1509 5.8806 0.0624 0.4619 1.5577
4 345 6.2997 5.9353 0.0828 0.1651 0.7045
4 346 6.3691 5.9488 0.0863 -0.4050 -0.8603
4 347 6.2829 5.9624 0.0963 0.7017 0.8294
4 348 6.3577 6.0052 0.1124 0.4302 -0.2775
4 349 6.3315 5.9949 0.1090 -0.3730 0.7258
4 350 6.4044 5.9858 0.1013 -0.0704 0.6105
4 351 6.4654 5.9891 0.0999 0.5837 1.8541
4 352 6.6359 6.0743 0.1302 -0.6355 -1.1394
4 353 6.5215 6.1020 0.1504 -0.5215 1.0008
4 354 6.6224 6.0846 0.1357 0.1497 -1.6095
4 355 6.4653 6.0479 0.1284 0.3428 -1.0112
4 356 6.3688 6.0143 0.1184 -0.3188 -0.0759
4 357 6.3612 6.0149 0.1191 -0.0406 0.7906
4 358 6.4399 6.0221 0.1181 0.0133 1.1253
4 359 6.5516 6.0364 0.1186 0.6970 -1.0930
4 360 6.4530 5.9799 0.0974 0.3468 0.5127
4 361 6.5023 5.9959 0.1025 -0.2896 0.5873
4 362 6.5612 5.9911 0.0976 -0.2535 -0.6062
4 363 6.5004 5.9948 0.1021 0.6362 -1.2034
4 364 6.3895 5.9385 0.0807 0.0827 -0.8510
4 365 6.3051 5.9271 0.0786 0.1252 1.9628
4 366 6.4990 5.9593 0.0861 0.4211 1.7155
4 367 6.6625 6.0195 0.1066 0.6376 1.7447
4 368 6.8206 6.1061 0.1376 -0.6710 -0.9273
4 369 6.7275 6.1300 0.1550 0.4788 0.2877
4 370 6.7539 6.1427 0.1589 -0.6531 -0.7381
4 371 6.6794 6.1595 0.1723 0.4886 -1.7598
4 372 6.5182 6.0806 0.1480 -0.2973 -0.4783
4 373 6.4700 6.0823 0.1521 -0.3633 -1.0349
4 374 6.3655 6.0892 0.1630 0.5148 -0.9208
4 375 6.2815 6.0470 0.1496 -0.7652 -0.5656
4 376 6.2248 6.0642 0.1617 -0.0584 -0.1336
4 377 6.2115 6.0626 0.1619 -0.7259 -1.7172
4 378 6.0380 6.1069 0.1965 0.2519 0.7906
4 379 6.1125 6.1348 0.2024 -0.2598 0.7152
4 380 6.1844 6.1374 0.1969 -0.4784 1.6732
4 381 6.3541 6.1197 0.1743 0.3594 -0.8068
4 382 6.2787 6.0886 0.1660 0.5594 1.1838
4 383 6.3847 6.1479 0.1845 0.0804 -1.9326
4 384 6.1966 6.1027 0.1797 0.3072 -1.3394
4 385 6.0705 6.0545 0.1678 -0.0164 -1.8914
4 386 5.8837 6.0249 0.1687 0.5789 1.0915
4 387 5.9808 6.0809 0.1864 -0.4894 0.1276
4 388 5.9938 6.0795 0.1847 -0.3785 -0.7975
4 389 5.9131 6.0830 0.1933 0.6544 1.8801
4 390 6.0738 6.1927 0.2276 0.2190 0.2798
4 391 6.1000 6.2028 0.2294 -0.5148 -1.4542
4 392 5.9517 6.2132 0.2505 -0.5706 -1.3113
4 393 5.8175 6.2239 0.2714 0.1639 -0.0675
4 394 5.8112 6.2214 0.2711 0.7564 0.8983
4 395 5.8814 6.2839 0.2900 -0.5643 0.8484
4 396 5.9684 6.2792 0.2766 -0.4672 -1.7010
4 397 5.7951 6.2784 0.2991 0.4783 0.9285
5 1 10.1000 6.2100 0.0000 -0.0557 -1.0723
5 2 9.9928 6.2139 0.0019 -0.7088 -1.5568
5 3 9.8437 6.2773 0.0325 0.2981 0.1250
5 4 9.8560 6.2800 0.0336 -0.3558 -0.6300
5 5 9.7934 6.2916 0.0401 0.5564 -0.5120
5 6 9.7444 6.2727 0.0321 0.5499 -0.5224
5 7 9.6942 6.2539 0.0240 0.4658 0.3049
5 8 9.7238 6.2634 0.0281 0.6487 -0.9551
5 9 9.6330 6.2245 0.0108 -0.1139 -0.6506
5 10 9.5680 6.2286 0.0131 -0.2155 1.4766
5 11 9.7151 6.2095 0.0036 -0.7701 -1.4369
5 12 9.5786 6.2730 0.0344 0.1323 1.6487
5 13 9.7424 6.2935 0.0410 -0.3089 0.8327
5 14 9.8254 6.2805 0.0335 -0.6169 0.6082
5 15 9.8846 6.2596 0.0230 -0.7082 -0.5702
5 16 9.8297 6.2822 0.0343 -0.5438 0.9579
5 17 9.9235 6.2533 0.0197 -0.2672 -0.2391
5 18 9.8997 6.2568 0.0215 0.5420 0.1255
5 19 9.9118 6.2612 0.0234 0.5547 -1.5034
5 20 9.7666 6.2092 0.0001 0.0795 -1.8994
5 21 9.5768 6.1996 -0.0046 -0.5071 -0.8530
5 22 9.4936 6.2257 0.0076 -0.0506 0.1972
5 23 9.5134 6.2252 0.0073 -0.0493 -0.3887
5 24 9.4745 6.2262 0.0079 -0.4582 -0.5651
5 25 9.4190 6.2413 0.0152 0.3933 -1.3721
5 26 9.2842 6.2071 -0.0002 0.7230 1.9471
5 27 9.4673 6.2948 0.0389 0.7095 1.7135
5 28 9.6258 6.3764 0.0727 0.7392 -1.7321
5 29 9.4664 6.2910 0.0371 0.4354 0.7729
5 30 9.5412 6.3147 0.0467 0.5814 0.7161
5 31 9.6091 6.3434 0.0583 0.5091 0.4004
5 32 9.6472 6.3581 0.0641 0.0415 -1.1968
5 33 9.5280 6.3472 0.0625 -0.3042 1.0898
5 34 9.6370 6.3327 0.0529 -0.4030 1.0476
5 35 9.7411 6.3116 0.0408 -0.6649 1.5085
5 36 9.8869 6.2555 0.0129 0.3886 -0.0353
5 37 9.8835 6.2546 0.0125 0.3681 1.6452
5 38 10.0449 6.2954 0.0299 -0.0687 1.3691
5 39 10.1818 6.2931 0.0270 -0.4480 -0.9261
5 40 10.0903 6.3154 0.0387 -0.2712 -1.5684
5 41 9.9336 6.3352 0.0512 -0.0599 -0.8651
5 42 9.8471 6.3341 0.0528 0.4546 -1.6343
5 43 9.6891 6.2821 0.0318 0.6127 0.8769
5 44 9.7723 6.3176 0.0468 -0.4398 1.6153
5 45 9.9321 6.2801 0.0266 0.6003 0.5353
5 46 9.9831 6.3010 0.0355 0.1786 1.6059
5 47 10.1423 6.3258 0.0441 -0.6474 1.4897
5 48 10.2868 6.2725 0.0173 0.7630 1.4447
